0 0.414844 0.410156 0.160938 0.095312
1 0.435156 0.311719 0.154688 0.098437
1 0.219531 0.301563 0.135937 0.106250
0 0.482031 0.699219 0.229687 0.092188
0 0.071094 0.546875 0.135937 0.084375
0 0.073438 0.244531 0.143750 0.098437
0 0.798438 0.092188 0.146875 0.150000
0 0.770312 0.710938 0.128125 0.093750
0 0.776563 0.438281 0.128125 0.104688
0 0.754687 0.878125 0.125000 0.087500
0 0.505469 0.517188 0.204687 0.087500
0 0.086719 0.762500 0.170313 0.109375
0 0.094531 0.875000 0.179688 0.103125
0 0.071094 0.041406 0.139063 0.076563
0 0.446875 0.075781 0.343750 0.148438
