1 0.141406 0.121875 0.282813 0.134375
1 0.589844 0.094531 0.610938 0.189062
1 0.947656 0.100000 0.101562 0.200000
1 0.143750 0.292187 0.287500 0.203125
1 0.583594 0.307812 0.570312 0.190625
1 0.934375 0.296875 0.128125 0.212500
1 0.160938 0.504687 0.321875 0.240625
1 0.509375 0.454688 0.368750 0.134375
1 0.892188 0.509375 0.212500 0.243750
1 0.385156 0.750000 0.770312 0.275000
1 0.893750 0.750781 0.209375 0.276562
1 0.305469 0.889844 0.610938 0.217188
1 0.900781 0.936719 0.195312 0.123438
0 0.389844 0.542188 0.076563 0.134375
0 0.466406 0.542188 0.076563 0.134375
0 0.542969 0.542188 0.076563 0.134375
0 0.619531 0.542188 0.076563 0.134375
