1 0.858594 0.121875 0.282813 0.134375
1 0.410156 0.094531 0.610938 0.189062
1 0.052344 0.100000 0.101562 0.200000
1 0.856250 0.292187 0.287500 0.203125
1 0.416406 0.307812 0.570312 0.190625
1 0.065625 0.296875 0.128125 0.212500
1 0.839063 0.504687 0.321875 0.240625
1 0.490625 0.454688 0.368750 0.134375
1 0.107813 0.509375 0.212500 0.243750
1 0.614844 0.750000 0.770312 0.275000
1 0.106250 0.750781 0.209375 0.276562
1 0.694531 0.889844 0.610938 0.217188
1 0.099219 0.936719 0.195312 0.123438
0 0.610156 0.542188 0.076563 0.134375
0 0.533594 0.542188 0.076563 0.134375
0 0.457031 0.542188 0.076563 0.134375
0 0.380469 0.542188 0.076563 0.134375